101 101
100.0 100.0
9999 9999 1 2 3 4 5 6 7 8 9 10 11 12 13 14 15 16 17 18 19 20 21 22 23 24 25 26 27 28 29 30 31 32 33 34 35 36 37 38 39 40 41 42 43 44 45 46 47 48 49 50 51 52 53 54 55 56 57 58 59 60 61 62 63 64 65 66 67 68 69 70 71 72 73 74 75 76 77 78 79 80 81 82 83 84 85 86 87 88 89 90 91 92 93 94 95 96 97 98 99 100 101
9999 9999 -9000 -8900 -8800 -8700 -8600 -8500 -8400 -8300 -8200 -8100 -8000 -7900 -7800 -7700 -7600 -7500 -7400 -7300 -7200 -7100 -7000 -6900 -6800 -6700 -6600 -6500 -6400 -6300 -6200 -6100 -6000 -5900 -5800 -5700 -5600 -5500 -5400 -5300 -5200 -5100 -5000 -4900 -4800 -4700 -4600 -4500 -4400 -4300 -4200 -4100 -4000 -3900 -3800 -3700 -3600 -3500 -3400 -3300 -3200 -3100 -3000 -2900 -2800 -2700 -2600 -2500 -2400 -2300 -2200 -2100 -2000 -1900 -1800 -1700 -1600 -1500 -1400 -1300 -1200 -1100 -1000 -900 -800 -700 -600 -500 -400 -300 -200 -100 0 100 200 300 400 500 600 700 800 900 1000
1 5000 -150 -150 -150 -150 -150 -150 -150 -150 -150 -150 -150 -150 -150 -150 -150 -150 -150 -150 -150 -150 -150 -150 -150 -150 -150 -150 -150 -150 -150 -150 -150 -150 -150 -150 -150 -150 -150 -150 -150 -150 -150 -150 -150 -150 -150 -150 -150 -150 -150 -150 -150 -150 -150 -150 -150 -150 -150 -150 -150 -150 -150 -150 -150 -150 -150 -150 -150 -150 -150 -150 -150 -150 -150 -150 -150 -150 -150 -150 -150 -150 -150 -150 -150 -150 -150 -150 -150 -150 -150 -150 -150 -150 -150 -150 -150 -150 -150 -150 -150 -150 -150
2 4900 -150 -150 -150 -150 -150 -150 -150 -150 -150 -150 -150 -150 -150 -150 -150 -150 -150 -150 -150 -150 -150 -150 -150 -150 -150 -150 -150 -150 -150 -150 -150 -150 -150 -150 -150 -150 -150 -150 -150 -150 -150 -150 -150 -150 -150 -150 -150 -150 -150 -150 -150 -150 -150 -150 -150 -150 -150 -150 -150 -150 -150 -150 -150 -150 -150 -150 -150 -150 -150 -150 -150 -150 -150 -150 -150 -150 -150 -150 -150 -150 -150 -150 -150 -150 -150 -150 -150 -150 -150 -150 -150 -150 -150 -150 -150 -150 -150 -150 -150 -150 -150
3 4800 -150 -150 -150 -150 -150 -150 -150 -150 -150 -150 -150 -150 -150 -150 -150 -150 -150 -150 -150 -150 -150 -150 -150 -150 -150 -150 -150 -150 -150 -150 -150 -150 -150 -150 -150 -150 -150 -150 -150 -150 -150 -150 -150 -150 -150 -150 -150 -150 -150 -150 -150 -150 -150 -150 -150 -150 -150 -150 -150 -150 -150 -150 -150 -150 -150 -150 -150 -150 -150 -150 -150 -150 -150 -150 -150 -150 -150 -150 -150 -150 -150 -150 -150 -150 -150 -150 -150 -150 -150 -150 -150 -150 -150 -150 -150 -150 -150 -150 -150 -150 -150
4 4700 -150 -150 -150 -150 -150 -150 -150 -150 -150 -150 -150 -150 -150 -150 -150 -150 -150 -150 -150 -150 -150 -150 -150 -150 -150 -150 -150 -150 -150 -150 -150 -150 -150 -150 -150 -150 -150 -150 -150 -150 -150 -150 -150 -150 -150 -150 -150 -150 -150 -150 -150 -150 -150 -150 -150 -150 -150 -150 -150 -150 -150 -150 -150 -150 -150 -150 -150 -150 -150 -150 -150 -150 -150 -150 -150 -150 -150 -150 -150 -150 -150 -150 -150 -150 -150 -150 -150 -150 -150 -150 -150 -150 -150 -150 -150 -150 -150 -150 -150 -150 -150
5 4600 -150 -150 -150 -150 -150 -150 -150 -150 -150 -150 -150 -150 -150 -150 -150 -150 -150 -150 -150 -150 -150 -150 -150 -150 -150 -150 -150 -150 -150 -150 -150 -150 -150 -150 -150 -150 -150 -150 -150 -150 -150 -150 -150 -150 -150 -150 -150 -150 -150 -150 -150 -150 -150 -150 -150 -150 -150 -150 -150 -150 -150 -150 -150 -150 -150 -150 -150 -150 -150 -150 -150 -150 -150 -150 -150 -150 -150 -150 -150 -150 -150 -150 -150 -150 -150 -150 -150 -150 -150 -150 -150 -150 -150 -150 -150 -150 -150 -150 -150 -150 -150
6 4500 -150 -150 -150 -150 -150 -150 -150 -150 -150 -150 -150 -150 -150 -150 -150 -150 -150 -150 -150 -150 -150 -150 -150 -150 -150 -150 -150 -150 -150 -150 -150 -150 -150 -150 -150 -150 -150 -150 -150 -150 -150 -150 -150 -150 -150 -150 -150 -150 -150 -150 -150 -150 -150 -150 -150 -150 -150 -150 -150 -150 -150 -150 -150 -150 -150 -150 -150 -150 -150 -150 -150 -150 -150 -150 -150 -150 -150 -150 -150 -150 -150 -150 -150 -150 -150 -150 -150 -150 -150 -150 -150 -150 -150 -150 -150 -150 -150 -150 -150 -150 -150
7 4400 -150 -150 -150 -150 -150 -150 -150 -150 -150 -150 -150 -150 -150 -150 -150 -150 -150 -150 -150 -150 -150 -150 -150 -150 -150 -150 -150 -150 -150 -150 -150 -150 -150 -150 -150 -150 -150 -150 -150 -150 -150 -150 -150 -150 -150 -150 -150 -150 -150 -150 -150 -150 -150 -150 -150 -150 -150 -150 -150 -150 -150 -150 -150 -150 -150 -150 -150 -150 -150 -150 -150 -150 -150 -150 -150 -150 -150 -150 -150 -150 -150 -150 -150 -150 -150 -150 -150 -150 -150 -150 -150 -150 -150 -150 -150 -150 -150 -150 -150 -150 -150
8 4300 -150 -150 -150 -150 -150 -150 -150 -150 -150 -150 -150 -150 -150 -150 -150 -150 -150 -150 -150 -150 -150 -150 -150 -150 -150 -150 -150 -150 -150 -150 -150 -150 -150 -150 -150 -150 -150 -150 -150 -150 -150 -150 -150 -150 -150 -150 -150 -150 -150 -150 -150 -150 -150 -150 -150 -150 -150 -150 -150 -150 -150 -150 -150 -150 -150 -150 -150 -150 -150 -150 -150 -150 -150 -150 -150 -150 -150 -150 -150 -150 -150 -150 -150 -150 -150 -150 -150 -150 -150 -150 -150 -150 -150 -150 -150 -150 -150 -150 -150 -150 -150
9 4200 -150 -150 -150 -150 -150 -150 -150 -150 -150 -150 -150 -150 -150 -150 -150 -150 -150 -150 -150 -150 -150 -150 -150 -150 -150 -150 -150 -150 -150 -150 -150 -150 -150 -150 -150 -150 -150 -150 -150 -150 -150 -150 -150 -150 -150 -150 -150 -150 -150 -150 -150 -150 -150 -150 -150 -150 -150 -150 -150 -150 -150 -150 -150 -150 -150 -150 -150 -150 -150 -150 -150 -150 -150 -150 -150 -150 -150 -150 -150 -150 -150 -150 -150 -150 -150 -150 -150 -150 -150 -150 -150 -150 -150 -150 -150 -150 -150 -150 -150 -150 -150
10 4100 -150 -150 -150 -150 -150 -150 -150 -150 -150 -150 -150 -150 -150 -150 -150 -150 -150 -150 -150 -150 -150 -150 -150 -150 -150 -150 -150 -150 -150 -150 -150 -150 -150 -150 -150 -150 -150 -150 -150 -150 -150 -150 -150 -150 -150 -150 -150 -150 -150 -150 -150 -150 -150 -150 -150 -150 -150 -150 -150 -150 -150 -150 -150 -150 -150 -150 -150 -150 -150 -150 -150 -150 -150 -150 -150 -150 -150 -150 -150 -150 -150 -150 -150 -150 -150 -150 -150 -150 -150 -150 -150 -150 -150 -150 -150 -150 -150 -150 -150 -150 -150
11 4000 -150 -150 -150 -150 -150 -150 -150 -150 -150 -150 -150 -150 -150 -150 -150 -150 -150 -150 -150 -150 -150 -150 -150 -150 -150 -150 -150 -150 -150 -150 -150 -150 -150 -150 -150 -150 -150 -150 -150 -150 -150 -150 -150 -150 -150 -150 -150 -150 -150 -150 -150 -150 -150 -150 -150 -150 -150 -150 -150 -150 -150 -150 -150 -150 -150 -150 -150 -150 -150 -150 -150 -150 -150 -150 -150 -150 -150 -150 -150 -150 -150 -150 -150 -150 -150 -150 -150 -150 -150 -150 -150 -150 -150 -150 -150 -150 -150 -150 -150 -150 -150
12 3900 -150 -150 -150 -150 -150 -150 -150 -150 -150 -150 -150 -150 -150 -150 -150 -150 -150 -150 -150 -150 -150 -150 -150 -150 -150 -150 -150 -150 -150 -150 -150 -150 -150 -150 -150 -150 -150 -150 -150 -150 -150 -150 -150 -150 -150 -150 -150 -150 -150 -150 -150 -150 -150 -150 -150 -150 -150 -150 -150 -150 -150 -150 -150 -150 -150 -150 -150 -150 -150 -150 -150 -150 -150 -150 -150 -150 -150 -150 -150 -150 -150 -150 -150 -150 -150 -150 -150 -150 -150 -150 -150 -150 -150 -150 -150 -150 -150 -150 -150 -150 -150
13 3800 -150 -150 -150 -150 -150 -150 -150 -150 -150 -150 -150 -150 -150 -150 -150 -150 -150 -150 -150 -150 -150 -150 -150 -150 -150 -150 -150 -150 -150 -150 -150 -150 -150 -150 -150 -150 -150 -150 -150 -150 -150 -150 -150 -150 -150 -150 -150 -150 -150 -150 -150 -150 -150 -150 -150 -150 -150 -150 -150 -150 -150 -150 -150 -150 -150 -150 -150 -150 -150 -150 -150 -150 -150 -150 -150 -150 -150 -150 -150 -150 -150 -150 -150 -150 -150 -150 -150 -150 -150 -150 -150 -150 -150 -150 -150 -150 -150 -150 -150 -150 -150
14 3700 -150 -150 -150 -150 -150 -150 -150 -150 -150 -150 -150 -150 -150 -150 -150 -150 -150 -150 -150 -150 -150 -150 -150 -150 -150 -150 -150 -150 -150 -150 -150 -150 -150 -150 -150 -150 -150 -150 -150 -150 -150 -150 -150 -150 -150 -150 -150 -150 -150 -150 -150 -150 -150 -150 -150 -150 -150 -150 -150 -150 -150 -150 -150 -150 -150 -150 -150 -150 -150 -150 -150 -150 -150 -150 -150 -150 -150 -150 -150 -150 -150 -150 -150 -150 -150 -150 -150 -150 -150 -150 -150 -150 -150 -150 -150 -150 -150 -150 -150 -150 -150
15 3600 -150 -150 -150 -150 -150 -150 -150 -150 -150 -150 -150 -150 -150 -150 -150 -150 -150 -150 -150 -150 -150 -150 -150 -150 -150 -150 -150 -150 -150 -150 -150 -150 -150 -150 -150 -150 -150 -150 -150 -150 -150 -150 -150 -150 -150 -150 -150 -150 -150 -150 -150 -150 -150 -150 -150 -150 -150 -150 -150 -150 -150 -150 -150 -150 -150 -150 -150 -150 -150 -150 -150 -150 -150 -150 -150 -150 -150 -150 -150 -150 -150 -150 -150 -150 -150 -150 -150 -150 -150 -150 -150 -150 -150 -150 -150 -150 -150 -150 -150 -150 -150
16 3500 -150 -150 -150 -150 -150 -150 -150 -150 -150 -150 -150 -150 -150 -150 -150 -150 -150 -150 -150 -150 -150 -150 -150 -150 -150 -150 -150 -150 -150 -150 -150 -150 -150 -150 -150 -150 -150 -150 -150 -150 -150 -150 -150 -150 -150 -150 -150 -150 -150 -150 -150 -150 -150 -150 -150 -150 -150 -150 -150 -150 -150 -150 -150 -150 -150 -150 -150 -150 -150 -150 -150 -150 -150 -150 -150 -150 -150 -150 -150 -150 -150 -150 -150 -150 -150 -150 -150 -150 -150 -150 -150 -150 -150 -150 -150 -150 -150 -150 -150 -150 -150
17 3400 -150 -150 -150 -150 -150 -150 -150 -150 -150 -150 -150 -150 -150 -150 -150 -150 -150 -150 -150 -150 -150 -150 -150 -150 -150 -150 -150 -150 -150 -150 -150 -150 -150 -150 -150 -150 -150 -150 -150 -150 -150 -150 -150 -150 -150 -150 -150 -150 -150 -150 -150 -150 -150 -150 -150 -150 -150 -150 -150 -150 -150 -150 -150 -150 -150 -150 -150 -150 -150 -150 -150 -150 -150 -150 -150 -150 -150 -150 -150 -150 -150 -150 -150 -150 -150 -150 -150 -150 -150 -150 -150 -150 -150 -150 -150 -150 -150 -150 -150 -150 -150
18 3300 -150 -150 -150 -150 -150 -150 -150 -150 -150 -150 -150 -150 -150 -150 -150 -150 -150 -150 -150 -150 -150 -150 -150 -150 -150 -150 -150 -150 -150 -150 -150 -150 -150 -150 -150 -150 -150 -150 -150 -150 -150 -150 -150 -150 -150 -150 -150 -150 -150 -150 -150 -150 -150 -150 -150 -150 -150 -150 -150 -150 -150 -150 -150 -150 -150 -150 -150 -150 -150 -150 -150 -150 -150 -150 -150 -150 -150 -150 -150 -150 -150 -150 -150 -150 -150 -150 -150 -150 -150 -150 -150 -150 -150 -150 -150 -150 -150 -150 -150 -150 -150
19 3200 -150 -150 -150 -150 -150 -150 -150 -150 -150 -150 -150 -150 -150 -150 -150 -150 -150 -150 -150 -150 -150 -150 -150 -150 -150 -150 -150 -150 -150 -150 -150 -150 -150 -150 -150 -150 -150 -150 -150 -150 -150 -150 -150 -150 -150 -150 -150 -150 -150 -150 -150 -150 -150 -150 -150 -150 -150 -150 -150 -150 -150 -150 -150 -150 -150 -150 -150 -150 -150 -150 -150 -150 -150 -150 -150 -150 -150 -150 -150 -150 -150 -150 -150 -150 -150 -150 -150 -150 -150 -150 -150 -150 -150 -150 -150 -150 -150 -150 -150 -150 -150
20 3100 -150 -150 -150 -150 -150 -150 -150 -150 -150 -150 -150 -150 -150 -150 -150 -150 -150 -150 -150 -150 -150 -150 -150 -150 -150 -150 -150 -150 -150 -150 -150 -150 -150 -150 -150 -150 -150 -150 -150 -150 -150 -150 -150 -150 -150 -150 -150 -150 -150 -150 -150 -150 -150 -150 -150 -150 -150 -150 -150 -150 -150 -150 -150 -150 -150 -150 -150 -150 -150 -150 -150 -150 -150 -150 -150 -150 -150 -150 -150 -150 -150 -150 -150 -150 -150 -150 -150 -150 -150 -150 -150 -150 -150 -150 -150 -150 -150 -150 -150 -150 -150
21 3000 -150 -150 -150 -150 -150 -150 -150 -150 -150 -150 -150 -150 -150 -150 -150 -150 -150 -150 -150 -150 -150 -150 -150 -150 -150 -150 -150 -150 -150 -150 -150 -150 -150 -150 -150 -150 -150 -150 -150 -150 -150 -150 -150 -150 -150 -150 -150 -150 -150 -150 -150 -150 -150 -150 -150 -150 -150 -150 -150 -150 -150 -150 -150 -150 -150 -150 -150 -150 -150 -150 -150 -150 -150 -150 -150 -150 -150 -150 -150 -150 -150 -150 -150 -150 -150 -150 -150 -150 -150 -150 -150 -150 -150 -150 -150 -150 -150 -150 -150 -150 -150
22 2900 -150 -150 -150 -150 -150 -150 -150 -150 -150 -150 -150 -150 -150 -150 -150 -150 -150 -150 -150 -150 -150 -150 -150 -150 -150 -150 -150 -150 -150 -150 -150 -150 -150 -150 -150 -150 -150 -150 -150 -150 -150 -150 -150 -150 -150 -150 -150 -150 -150 -150 -150 -150 -150 -150 -150 -150 -150 -150 -150 -150 -150 -150 -150 -150 -150 -150 -150 -150 -150 -150 -150 -150 -150 -150 -150 -150 -150 -150 -150 -150 -150 -150 -150 -150 -150 -150 -150 -150 -150 -150 -150 -150 -150 -150 -150 -150 -150 -150 -150 -150 -150
23 2800 -150 -150 -150 -150 -150 -150 -150 -150 -150 -150 -150 -150 -150 -150 -150 -150 -150 -150 -150 -150 -150 -150 -150 -150 -150 -150 -150 -150 -150 -150 -150 -150 -150 -150 -150 -150 -150 -150 -150 -150 -150 -150 -150 -150 -150 -150 -150 -150 -150 -150 -150 -150 -150 -150 -150 -150 -150 -150 -150 -150 -150 -150 -150 -150 -150 -150 -150 -150 -150 -150 -150 -150 -150 -150 -150 -150 -150 -150 -150 -150 -150 -150 -150 -150 -150 -150 -150 -150 -150 -150 -150 -150 -150 -150 -150 -150 -150 -150 -150 -150 -150
24 2700 -150 -150 -150 -150 -150 -150 -150 -150 -150 -150 -150 -150 -150 -150 -150 -150 -150 -150 -150 -150 -150 -150 -150 -150 -150 -150 -150 -150 -150 -150 -150 -150 -150 -150 -150 -150 -150 -150 -150 -150 -150 -150 -150 -150 -150 -150 -150 -150 -150 -150 -150 -150 -150 -150 -150 -150 -150 -150 -150 -150 -150 -150 -150 -150 -150 -150 -150 -150 -150 -150 -150 -150 -150 -150 -150 -150 -150 -150 -150 -150 -150 -150 -150 -150 -150 -150 -150 -150 -150 -150 -150 -150 -150 -150 -150 -150 -150 -150 -150 -150 -150
25 2600 -150 -150 -150 -150 -150 -150 -150 -150 -150 -150 -150 -150 -150 -150 -150 -150 -150 -150 -150 -150 -150 -150 -150 -150 -150 -150 -150 -150 -150 -150 -150 -150 -150 -150 -150 -150 -150 -150 -150 -150 -150 -150 -150 -150 -150 -150 -150 -150 -150 -150 -150 -150 -150 -150 -150 -150 -150 -150 -150 -150 -150 -150 -150 -150 -150 -150 -150 -150 -150 -150 -150 -150 -150 -150 -150 -150 -150 -150 -150 -150 -150 -150 -150 -150 -150 -150 -150 -150 -150 -150 -150 -150 -150 -150 -150 -150 -150 -150 -150 -150 -150
26 2500 -150 -150 -150 -150 -150 -150 -150 -150 -150 -150 -150 -150 -150 -150 -150 -150 -150 -150 -150 -150 -150 -150 -150 -150 -150 -150 -150 -150 -150 -150 -150 -150 -150 -150 -150 -150 -150 -150 -150 -150 -150 -150 -150 -150 -150 -150 -150 -150 -150 -150 -150 -150 -150 -150 -150 -150 -150 -150 -150 -150 -150 -150 -150 -150 -150 -150 -150 -150 -150 -150 -150 -150 -150 -150 -150 -150 -150 -150 -150 -150 -150 -150 -150 -150 -150 -150 -150 -150 -150 -150 -150 -150 -150 -150 -150 -150 -150 -150 -150 -150 -150
27 2400 -150 -150 -150 -150 -150 -150 -150 -150 -150 -150 -150 -150 -150 -150 -150 -150 -150 -150 -150 -150 -150 -150 -150 -150 -150 -150 -150 -150 -150 -150 -150 -150 -150 -150 -150 -150 -150 -150 -150 -150 -150 -150 -150 -150 -150 -150 -150 -150 -150 -150 -150 -150 -150 -150 -150 -150 -150 -150 -150 -150 -150 -150 -150 -150 -150 -150 -150 -150 -150 -150 -150 -150 -150 -150 -150 -150 -150 -150 -150 -150 -150 -150 -150 -150 -150 -150 -150 -150 -150 -150 -150 -150 -150 -150 -150 -150 -150 -150 -150 -150 -150
28 2300 -150 -150 -150 -150 -150 -150 -150 -150 -150 -150 -150 -150 -150 -150 -150 -150 -150 -150 -150 -150 -150 -150 -150 -150 -150 -150 -150 -150 -150 -150 -150 -150 -150 -150 -150 -150 -150 -150 -150 -150 -150 -150 -150 -150 -150 -150 -150 -150 -150 -150 -150 -150 -150 -150 -150 -150 -150 -150 -150 -150 -150 -150 -150 -150 -150 -150 -150 -150 -150 -150 -150 -150 -150 -150 -150 -150 -150 -150 -150 -150 -150 -150 -150 -150 -150 -150 -150 -150 -150 -150 -150 -150 -150 -150 -150 -150 -150 -150 -150 -150 -150
29 2200 -150 -150 -150 -150 -150 -150 -150 -150 -150 -150 -150 -150 -150 -150 -150 -150 -150 -150 -150 -150 -150 -150 -150 -150 -150 -150 -150 -150 -150 -150 -150 -150 -150 -150 -150 -150 -150 -150 -150 -150 -150 -150 -150 -150 -150 -150 -150 -150 -150 -150 -150 -150 -150 -150 -150 -150 -150 -150 -150 -150 -150 -150 -150 -150 -150 -150 -150 -150 -150 -150 -150 -150 -150 -150 -150 -150 -150 -150 -150 -150 -150 -150 -150 -150 -150 -150 -150 -150 -150 -150 -150 -150 -150 -150 -150 -150 -150 -150 -150 -150 -150
30 2100 -150 -150 -150 -150 -150 -150 -150 -150 -150 -150 -150 -150 -150 -150 -150 -150 -150 -150 -150 -150 -150 -150 -150 -150 -150 -150 -150 -150 -150 -150 -150 -150 -150 -150 -150 -150 -150 -150 -150 -150 -150 -150 -150 -150 -150 -150 -150 -150 -150 -150 -150 -150 -150 -150 -150 -150 -150 -150 -150 -150 -150 -150 -150 -150 -150 -150 -150 -150 -150 -150 -150 -150 -150 -150 -150 -150 -150 -150 -150 -150 -150 -150 -150 -150 -150 -150 -150 -150 -150 -150 -150 -150 -150 -150 -150 -150 -150 -150 -150 -150 -150
31 2000 -150 -150 -150 -150 -150 -150 -150 -150 -150 -150 -150 -150 -150 -150 -150 -150 -150 -150 -150 -150 -150 -150 -150 -150 -150 -150 -150 -150 -150 -150 -150 -150 -150 -150 -150 -150 -150 -150 -150 -150 -150 -150 -150 -150 -150 -150 -150 -150 -150 -150 -150 -150 -150 -150 -150 -150 -150 -150 -150 -150 -150 -150 -150 -150 -150 -150 -150 -150 -150 -150 -150 -150 -150 -150 -150 -150 -150 -150 -150 -150 -150 -150 -150 -150 -150 -150 -150 -150 -150 -150 -150 -150 -150 -150 -150 -150 -150 -150 -150 -150 -150
32 1900 -150 -150 -150 -150 -150 -150 -150 -150 -150 -150 -150 -150 -150 -150 -150 -150 -150 -150 -150 -150 -150 -150 -150 -150 -150 -150 -150 -150 -150 -150 -150 -150 -150 -150 -150 -150 -150 -150 -150 -150 -150 -150 -150 -150 -150 -150 -150 -150 -150 -150 -150 -150 -150 -150 -150 -150 -150 -150 -150 -150 -150 -150 -150 -150 -150 -150 -150 -150 -150 -150 -150 -150 -150 -150 -150 -150 -150 -150 -150 -150 -150 -150 -150 -150 -150 -150 -150 -150 -150 -150 -150 -150 -150 -150 -150 -150 -150 -150 -150 -150 -150
33 1800 -150 -150 -150 -150 -150 -150 -150 -150 -150 -150 -150 -150 -150 -150 -150 -150 -150 -150 -150 -150 -150 -150 -150 -150 -150 -150 -150 -150 -150 -150 -150 -150 -150 -150 -150 -150 -150 -150 -150 -150 -150 -150 -150 -150 -150 -150 -150 -150 -150 -150 -150 -150 -150 -150 -150 -150 -150 -150 -150 -150 -150 -150 -150 -150 -150 -150 -150 -150 -150 -150 -150 -150 -150 -150 -150 -150 -150 -150 -150 -150 -150 -150 -150 -150 -150 -150 -150 -150 -150 -150 -150 -150 -150 -150 -150 -150 -150 -150 -150 -150 -150
34 1700 -150 -150 -150 -150 -150 -150 -150 -150 -150 -150 -150 -150 -150 -150 -150 -150 -150 -150 -150 -150 -150 -150 -150 -150 -150 -150 -150 -150 -150 -150 -150 -150 -150 -150 -150 -150 -150 -150 -150 -150 -150 -150 -150 -150 -150 -150 -150 -150 -150 -150 -150 -150 -150 -150 -150 -150 -150 -150 -150 -150 -150 -150 -150 -150 -150 -150 -150 -150 -150 -150 -150 -150 -150 -150 -150 -150 -150 -150 -150 -150 -150 -150 -150 -150 -150 -150 -150 -150 -150 -150 -150 -150 -150 -150 -150 -150 -150 -150 -150 -150 -150
35 1600 -150 -150 -150 -150 -150 -150 -150 -150 -150 -150 -150 -150 -150 -150 -150 -150 -150 -150 -150 -150 -150 -150 -150 -150 -150 -150 -150 -150 -150 -150 -150 -150 -150 -150 -150 -150 -150 -150 -150 -150 -150 -150 -150 -150 -150 -150 -150 -150 -150 -150 -150 -150 -150 -150 -150 -150 -150 -150 -150 -150 -150 -150 -150 -150 -150 -150 -150 -150 -150 -150 -150 -150 -150 -150 -150 -150 -150 -150 -150 -150 -150 -150 -150 -150 -150 -150 -150 -150 -150 -150 -150 -150 -150 -150 -150 -150 -150 -150 -150 -150 -150
36 1500 -150 -150 -150 -150 -150 -150 -150 -150 -150 -150 -150 -150 -150 -150 -150 -150 -150 -150 -150 -150 -150 -150 -150 -150 -150 -150 -150 -150 -150 -150 -150 -150 -150 -150 -150 -150 -150 -150 -150 -150 -150 -150 -150 -150 -150 -150 -150 -150 -150 -150 -150 -150 -150 -150 -150 -150 -150 -150 -150 -150 -150 -150 -150 -150 -150 -150 -150 -150 -150 -150 -150 -150 -150 -150 -150 -150 -150 -150 -150 -150 -150 -150 -150 -150 -150 -150 -150 -150 -150 -150 -150 -150 -150 -150 -150 -150 -150 -150 -150 -150 -150
37 1400 -150 -150 -150 -150 -150 -150 -150 -150 -150 -150 -150 -150 -150 -150 -150 -150 -150 -150 -150 -150 -150 -150 -150 -150 -150 -150 -150 -150 -150 -150 -150 -150 -150 -150 -150 -150 -150 -150 -150 -150 -150 -150 -150 -150 -150 -150 -150 -150 -150 -150 -150 -150 -150 -150 -150 -150 -150 -150 -150 -150 -150 -150 -150 -150 -150 -150 -150 -150 -150 -150 -150 -150 -150 -150 -150 -150 -150 -150 -150 -150 -150 -150 -150 -150 -150 -150 -150 -150 -150 -150 -150 -150 -150 -150 -150 -150 -150 -150 -150 -150 -150
38 1300 -150 -150 -150 -150 -150 -150 -150 -150 -150 -150 -150 -150 -150 -150 -150 -150 -150 -150 -150 -150 -150 -150 -150 -150 -150 -150 -150 -150 -150 -150 -150 -150 -150 -150 -150 -150 -150 -150 -150 -150 -150 -150 -150 -150 -150 -150 -150 -150 -150 -150 -150 -150 -150 -150 -150 -150 -150 -150 -150 -150 -150 -150 -150 -150 -150 -150 -150 -150 -150 -150 -150 -150 -150 -150 -150 -150 -150 -150 -150 -150 -150 -150 -150 -150 -150 -150 -150 -150 -150 -150 -150 -150 -150 -150 -150 -150 -150 -150 -150 -150 -150
39 1200 -150 -150 -150 -150 -150 -150 -150 -150 -150 -150 -150 -150 -150 -150 -150 -150 -150 -150 -150 -150 -150 -150 -150 -150 -150 -150 -150 -150 -150 -150 -150 -150 -150 -150 -150 -150 -150 -150 -150 -150 -150 -150 -150 -150 -150 -150 -150 -150 -150 -150 -150 -150 -150 -150 -150 -150 -150 -150 -150 -150 -150 -150 -150 -150 -150 -150 -150 -150 -150 -150 -150 -150 -150 -150 -150 -150 -150 -150 -150 -150 -150 -150 -150 -150 -150 -150 -150 -150 -150 -150 -150 -150 -150 -150 -150 -150 -150 -150 -150 -150 -150
40 1100 -150 -150 -150 -150 -150 -150 -150 -150 -150 -150 -150 -150 -150 -150 -150 -150 -150 -150 -150 -150 -150 -150 -150 -150 -150 -150 -150 -150 -150 -150 -150 -150 -150 -150 -150 -150 -150 -150 -150 -150 -150 -150 -150 -150 -150 -150 -150 -150 -150 -150 -150 -150 -150 -150 -150 -150 -150 -150 -150 -150 -150 -150 -150 -150 -150 -150 -150 -150 -150 -150 -150 -150 -150 -150 -150 -150 -150 -150 -150 -150 -150 -150 -150 -150 -150 -150 -150 -150 -150 -150 -150 -150 -150 -150 -150 -150 -150 -150 -150 -150 -150
41 1000 -150 -150 -150 -150 -150 -150 -150 -150 -150 -150 -150 -150 -150 -150 -150 -150 -150 -150 -150 -150 -150 -150 -150 -150 -150 -150 -150 -150 -150 -150 -150 -150 -150 -150 -150 -150 -150 -150 -150 -150 -150 -150 -150 -150 -150 -150 -150 -150 -150 -150 -150 -150 -150 -150 -150 -150 -150 -150 -150 -150 -150 -150 -150 -150 -150 -150 -150 -150 -150 -150 -150 -150 -150 -150 -150 -150 -150 -150 -150 -150 -150 -150 -150 -150 -150 -150 -150 -150 -150 -150 -150 -150 -150 -150 -150 -150 -150 -150 -150 -150 -150
42 900 -150 -150 -150 -150 -150 -150 -150 -150 -150 -150 -150 -150 -150 -150 -150 -150 -150 -150 -150 -150 -150 -150 -150 -150 -150 -150 -150 -150 -150 -150 -150 -150 -150 -150 -150 -150 -150 -150 -150 -150 -150 -150 -150 -150 -150 -150 -150 -150 -150 -150 -150 -150 -150 -150 -150 -150 -150 -150 -150 -150 -150 -150 -150 -150 -150 -150 -150 -150 -150 -150 -150 -150 -150 -150 -150 -150 -150 -150 -150 -150 -150 -150 -150 -150 -150 -150 -150 -150 -150 -150 -150 -150 -150 -150 -150 -150 -150 -150 -150 -150 -150
43 800 -150 -150 -150 -150 -150 -150 -150 -150 -150 -150 -150 -150 -150 -150 -150 -150 -150 -150 -150 -150 -150 -150 -150 -150 -150 -150 -150 -150 -150 -150 -150 -150 -150 -150 -150 -150 -150 -150 -150 -150 -150 -150 -150 -150 -150 -150 -150 -150 -150 -150 -150 -150 -150 -150 -150 -150 -150 -150 -150 -150 -150 -150 -150 -150 -150 -150 -150 -150 -150 -150 -150 -150 -150 -150 -150 -150 -150 -150 -150 -150 -150 -150 -150 -150 -150 -150 -150 -150 -150 -150 -150 -150 -150 -150 -150 -150 -150 -150 -150 -150 -150
44 700 -150 -150 -150 -150 -150 -150 -150 -150 -150 -150 -150 -150 -150 -150 -150 -150 -150 -150 -150 -150 -150 -150 -150 -150 -150 -150 -150 -150 -150 -150 -150 -150 -150 -150 -150 -150 -150 -150 -150 -150 -150 -150 -150 -150 -150 -150 -150 -150 -150 -150 -150 -150 -150 -150 -150 -150 -150 -150 -150 -150 -150 -150 -150 -150 -150 -150 -150 -150 -150 -150 -150 -150 -150 -150 -150 -150 -150 -150 -150 -150 -150 -150 -150 -150 -150 -150 -150 -150 -150 -150 -150 -150 -150 -150 -150 -150 -150 -150 -150 -150 -150
45 600 -150 -150 -150 -150 -150 -150 -150 -150 -150 -150 -150 -150 -150 -150 -150 -150 -150 -150 -150 -150 -150 -150 -150 -150 -150 -150 -150 -150 -150 -150 -150 -150 -150 -150 -150 -150 -150 -150 -150 -150 -150 -150 -150 -150 -150 -150 -150 -150 -150 -150 -150 -150 -150 -150 -150 -150 -150 -150 -150 -150 -150 -150 -150 -150 -150 -150 -150 -150 -150 -150 -150 -150 -150 -150 -150 -150 -150 -150 -150 -150 -150 -150 -150 -150 -150 -150 -150 -150 -150 -150 -150 -150 -150 -150 -150 -150 -150 -150 -150 -150 -150
46 500 -150 -150 -150 -150 -150 -150 -150 -150 -150 -150 -150 -150 -150 -150 -150 -150 -150 -150 -150 -150 -150 -150 -150 -150 -150 -150 -150 -150 -150 -150 -150 -150 -150 -150 -150 -150 -150 -150 -150 -150 -150 -150 -150 -150 -150 -150 -150 -150 -150 -150 -150 -150 -150 -150 -150 -150 -150 -150 -150 -150 -150 -150 -150 -150 -150 -150 -150 -150 -150 -150 -150 -150 -150 -150 -150 -150 -150 -150 -150 -150 -150 -150 -150 -150 -150 -150 -150 -150 -150 -150 -150 -150 -150 -150 -150 -150 -150 -150 -150 -150 -150
47 400 -150 -150 -150 -150 -150 -150 -150 -150 -150 -150 -150 -150 -150 -150 -150 -150 -150 -150 -150 -150 -150 -150 -150 -150 -150 -150 -150 -150 -150 -150 -150 -150 -150 -150 -150 -150 -150 -150 -150 -150 -150 -150 -150 -150 -150 -150 -150 -150 -150 -150 -150 -150 -150 -150 -150 -150 -150 -150 -150 -150 -150 -150 -150 -150 -150 -150 -150 -150 -150 -150 -150 -150 -150 -150 -150 -150 -150 -150 -150 -150 -150 -150 -150 -150 -150 -150 -150 -150 -150 -150 -150 -150 -150 -150 -150 -150 -150 -150 -150 -150 -150
48 300 -150 -150 -150 -150 -150 -150 -150 -150 -150 -150 -150 -150 -150 -150 -150 -150 -150 -150 -150 -150 -150 -150 -150 -150 -150 -150 -150 -150 -150 -150 -150 -150 -150 -150 -150 -150 -150 -150 -150 -150 -150 -150 -150 -150 -150 -150 -150 -150 -150 -150 -150 -150 -150 -150 -150 -150 -150 -150 -150 -150 -150 -150 -150 -150 -150 -150 -150 -150 -150 -150 -150 -150 -150 -150 -150 -150 -150 -150 -150 -150 -150 -150 -150 -150 -150 -150 -150 -150 -150 -150 -150 -150 -150 -150 -150 -150 -150 -150 -150 -150 -150
49 200 -150 -150 -150 -150 -150 -150 -150 -150 -150 -150 -150 -150 -150 -150 -150 -150 -150 -150 -150 -150 -150 -150 -150 -150 -150 -150 -150 -150 -150 -150 -150 -150 -150 -150 -150 -150 -150 -150 -150 -150 -150 -150 -150 -150 -150 -150 -150 -150 -150 -150 -150 -150 -150 -150 -150 -150 -150 -150 -150 -150 -150 -150 -150 -150 -150 -150 -150 -150 -150 -150 -150 -150 -150 -150 -150 -150 -150 -150 -150 -150 -150 -150 -150 -150 -150 -150 -150 -150 -150 -150 -150 -150 -150 -150 -150 -150 -150 -150 -150 -150 -150
50 100 -150 -150 -150 -150 -150 -150 -150 -150 -150 -150 -150 -150 -150 -150 -150 -150 -150 -150 -150 -150 -150 -150 -150 -150 -150 -150 -150 -150 -150 -150 -150 -150 -150 -150 -150 -150 -150 -150 -150 -150 -150 -150 -150 -150 -150 -150 -150 -150 -150 -150 -150 -150 -150 -150 -150 -150 -150 -150 -150 -150 -150 -150 -150 -150 -150 -150 -150 -150 -150 -150 -150 -150 -150 -150 -150 -150 -150 -150 -150 -150 -150 -150 -150 -150 -150 -150 -150 -150 -150 -150 -150 -150 -150 -150 -150 -150 -150 -150 -150 -150 -150
51 0 -150 -150 -150 -150 -150 -150 -150 -150 -150 -150 -150 -150 -150 -150 -150 -150 -150 -150 -150 -150 -150 -150 -150 -150 -150 -150 -150 -150 -150 -150 -150 -150 -150 -150 -150 -150 -150 -150 -150 -150 -150 -150 -150 -150 -150 -150 -150 -150 -150 -150 -150 -150 -150 -150 -150 -150 -150 -150 -150 -150 -150 -150 -150 -150 -150 -150 -150 -150 -150 -150 -150 -150 -150 -150 -150 -150 -150 -150 -150 -150 -150 -150 -150 -150 -150 -150 -150 -150 -150 -150 -150 -150 -150 -150 -150 -150 -150 -150 -150 -150 -150
52 -100 -150 -150 -150 -150 -150 -150 -150 -150 -150 -150 -150 -150 -150 -150 -150 -150 -150 -150 -150 -150 -150 -150 -150 -150 -150 -150 -150 -150 -150 -150 -150 -150 -150 -150 -150 -150 -150 -150 -150 -150 -150 -150 -150 -150 -150 -150 -150 -150 -150 -150 -150 -150 -150 -150 -150 -150 -150 -150 -150 -150 -150 -150 -150 -150 -150 -150 -150 -150 -150 -150 -150 -150 -150 -150 -150 -150 -150 -150 -150 -150 -150 -150 -150 -150 -150 -150 -150 -150 -150 -150 -150 -150 -150 -150 -150 -150 -150 -150 -150 -150 -150
53 -200 -150 -150 -150 -150 -150 -150 -150 -150 -150 -150 -150 -150 -150 -150 -150 -150 -150 -150 -150 -150 -150 -150 -150 -150 -150 -150 -150 -150 -150 -150 -150 -150 -150 -150 -150 -150 -150 -150 -150 -150 -150 -150 -150 -150 -150 -150 -150 -150 -150 -150 -150 -150 -150 -150 -150 -150 -150 -150 -150 -150 -150 -150 -150 -150 -150 -150 -150 -150 -150 -150 -150 -150 -150 -150 -150 -150 -150 -150 -150 -150 -150 -150 -150 -150 -150 -150 -150 -150 -150 -150 -150 -150 -150 -150 -150 -150 -150 -150 -150 -150 -150
54 -300 -150 -150 -150 -150 -150 -150 -150 -150 -150 -150 -150 -150 -150 -150 -150 -150 -150 -150 -150 -150 -150 -150 -150 -150 -150 -150 -150 -150 -150 -150 -150 -150 -150 -150 -150 -150 -150 -150 -150 -150 -150 -150 -150 -150 -150 -150 -150 -150 -150 -150 -150 -150 -150 -150 -150 -150 -150 -150 -150 -150 -150 -150 -150 -150 -150 -150 -150 -150 -150 -150 -150 -150 -150 -150 -150 -150 -150 -150 -150 -150 -150 -150 -150 -150 -150 -150 -150 -150 -150 -150 -150 -150 -150 -150 -150 -150 -150 -150 -150 -150 -150
55 -400 -150 -150 -150 -150 -150 -150 -150 -150 -150 -150 -150 -150 -150 -150 -150 -150 -150 -150 -150 -150 -150 -150 -150 -150 -150 -150 -150 -150 -150 -150 -150 -150 -150 -150 -150 -150 -150 -150 -150 -150 -150 -150 -150 -150 -150 -150 -150 -150 -150 -150 -150 -150 -150 -150 -150 -150 -150 -150 -150 -150 -150 -150 -150 -150 -150 -150 -150 -150 -150 -150 -150 -150 -150 -150 -150 -150 -150 -150 -150 -150 -150 -150 -150 -150 -150 -150 -150 -150 -150 -150 -150 -150 -150 -150 -150 -150 -150 -150 -150 -150 -150
56 -500 -150 -150 -150 -150 -150 -150 -150 -150 -150 -150 -150 -150 -150 -150 -150 -150 -150 -150 -150 -150 -150 -150 -150 -150 -150 -150 -150 -150 -150 -150 -150 -150 -150 -150 -150 -150 -150 -150 -150 -150 -150 -150 -150 -150 -150 -150 -150 -150 -150 -150 -150 -150 -150 -150 -150 -150 -150 -150 -150 -150 -150 -150 -150 -150 -150 -150 -150 -150 -150 -150 -150 -150 -150 -150 -150 -150 -150 -150 -150 -150 -150 -150 -150 -150 -150 -150 -150 -150 -150 -150 -150 -150 -150 -150 -150 -150 -150 -150 -150 -150 -150
57 -600 -150 -150 -150 -150 -150 -150 -150 -150 -150 -150 -150 -150 -150 -150 -150 -150 -150 -150 -150 -150 -150 -150 -150 -150 -150 -150 -150 -150 -150 -150 -150 -150 -150 -150 -150 -150 -150 -150 -150 -150 -150 -150 -150 -150 -150 -150 -150 -150 -150 -150 -150 -150 -150 -150 -150 -150 -150 -150 -150 -150 -150 -150 -150 -150 -150 -150 -150 -150 -150 -150 -150 -150 -150 -150 -150 -150 -150 -150 -150 -150 -150 -150 -150 -150 -150 -150 -150 -150 -150 -150 -150 -150 -150 -150 -150 -150 -150 -150 -150 -150 -150
58 -700 -150 -150 -150 -150 -150 -150 -150 -150 -150 -150 -150 -150 -150 -150 -150 -150 -150 -150 -150 -150 -150 -150 -150 -150 -150 -150 -150 -150 -150 -150 -150 -150 -150 -150 -150 -150 -150 -150 -150 -150 -150 -150 -150 -150 -150 -150 -150 -150 -150 -150 -150 -150 -150 -150 -150 -150 -150 -150 -150 -150 -150 -150 -150 -150 -150 -150 -150 -150 -150 -150 -150 -150 -150 -150 -150 -150 -150 -150 -150 -150 -150 -150 -150 -150 -150 -150 -150 -150 -150 -150 -150 -150 -150 -150 -150 -150 -150 -150 -150 -150 -150
59 -800 -150 -150 -150 -150 -150 -150 -150 -150 -150 -150 -150 -150 -150 -150 -150 -150 -150 -150 -150 -150 -150 -150 -150 -150 -150 -150 -150 -150 -150 -150 -150 -150 -150 -150 -150 -150 -150 -150 -150 -150 -150 -150 -150 -150 -150 -150 -150 -150 -150 -150 -150 -150 -150 -150 -150 -150 -150 -150 -150 -150 -150 -150 -150 -150 -150 -150 -150 -150 -150 -150 -150 -150 -150 -150 -150 -150 -150 -150 -150 -150 -150 -150 -150 -150 -150 -150 -150 -150 -150 -150 -150 -150 -150 -150 -150 -150 -150 -150 -150 -150 -150
60 -900 -150 -150 -150 -150 -150 -150 -150 -150 -150 -150 -150 -150 -150 -150 -150 -150 -150 -150 -150 -150 -150 -150 -150 -150 -150 -150 -150 -150 -150 -150 -150 -150 -150 -150 -150 -150 -150 -150 -150 -150 -150 -150 -150 -150 -150 -150 -150 -150 -150 -150 -150 -150 -150 -150 -150 -150 -150 -150 -150 -150 -150 -150 -150 -150 -150 -150 -150 -150 -150 -150 -150 -150 -150 -150 -150 -150 -150 -150 -150 -150 -150 -150 -150 -150 -150 -150 -150 -150 -150 -150 -150 -150 -150 -150 -150 -150 -150 -150 -150 -150 -150
61 -1000 -150 -150 -150 -150 -150 -150 -150 -150 -150 -150 -150 -150 -150 -150 -150 -150 -150 -150 -150 -150 -150 -150 -150 -150 -150 -150 -150 -150 -150 -150 -150 -150 -150 -150 -150 -150 -150 -150 -150 -150 -150 -150 -150 -150 -150 -150 -150 -150 -150 -150 -150 -150 -150 -150 -150 -150 -150 -150 -150 -150 -150 -150 -150 -150 -150 -150 -150 -150 -150 -150 -150 -150 -150 -150 -150 -150 -150 -150 -150 -150 -150 -150 -150 -150 -150 -150 -150 -150 -150 -150 -150 -150 -150 -150 -150 -150 -150 -150 -150 -150 -150
62 -1100 -150 -150 -150 -150 -150 -150 -150 -150 -150 -150 -150 -150 -150 -150 -150 -150 -150 -150 -150 -150 -150 -150 -150 -150 -150 -150 -150 -150 -150 -150 -150 -150 -150 -150 -150 -150 -150 -150 -150 -150 -150 -150 -150 -150 -150 -150 -150 -150 -150 -150 -150 -150 -150 -150 -150 -150 -150 -150 -150 -150 -150 -150 -150 -150 -150 -150 -150 -150 -150 -150 -150 -150 -150 -150 -150 -150 -150 -150 -150 -150 -150 -150 -150 -150 -150 -150 -150 -150 -150 -150 -150 -150 -150 -150 -150 -150 -150 -150 -150 -150 -150
63 -1200 -150 -150 -150 -150 -150 -150 -150 -150 -150 -150 -150 -150 -150 -150 -150 -150 -150 -150 -150 -150 -150 -150 -150 -150 -150 -150 -150 -150 -150 -150 -150 -150 -150 -150 -150 -150 -150 -150 -150 -150 -150 -150 -150 -150 -150 -150 -150 -150 -150 -150 -150 -150 -150 -150 -150 -150 -150 -150 -150 -150 -150 -150 -150 -150 -150 -150 -150 -150 -150 -150 -150 -150 -150 -150 -150 -150 -150 -150 -150 -150 -150 -150 -150 -150 -150 -150 -150 -150 -150 -150 -150 -150 -150 -150 -150 -150 -150 -150 -150 -150 -150
64 -1300 -150 -150 -150 -150 -150 -150 -150 -150 -150 -150 -150 -150 -150 -150 -150 -150 -150 -150 -150 -150 -150 -150 -150 -150 -150 -150 -150 -150 -150 -150 -150 -150 -150 -150 -150 -150 -150 -150 -150 -150 -150 -150 -150 -150 -150 -150 -150 -150 -150 -150 -150 -150 -150 -150 -150 -150 -150 -150 -150 -150 -150 -150 -150 -150 -150 -150 -150 -150 -150 -150 -150 -150 -150 -150 -150 -150 -150 -150 -150 -150 -150 -150 -150 -150 -150 -150 -150 -150 -150 -150 -150 -150 -150 -150 -150 -150 -150 -150 -150 -150 -150
65 -1400 -150 -150 -150 -150 -150 -150 -150 -150 -150 -150 -150 -150 -150 -150 -150 -150 -150 -150 -150 -150 -150 -150 -150 -150 -150 -150 -150 -150 -150 -150 -150 -150 -150 -150 -150 -150 -150 -150 -150 -150 -150 -150 -150 -150 -150 -150 -150 -150 -150 -150 -150 -150 -150 -150 -150 -150 -150 -150 -150 -150 -150 -150 -150 -150 -150 -150 -150 -150 -150 -150 -150 -150 -150 -150 -150 -150 -150 -150 -150 -150 -150 -150 -150 -150 -150 -150 -150 -150 -150 -150 -150 -150 -150 -150 -150 -150 -150 -150 -150 -150 -150
66 -1500 -150 -150 -150 -150 -150 -150 -150 -150 -150 -150 -150 -150 -150 -150 -150 -150 -150 -150 -150 -150 -150 -150 -150 -150 -150 -150 -150 -150 -150 -150 -150 -150 -150 -150 -150 -150 -150 -150 -150 -150 -150 -150 -150 -150 -150 -150 -150 -150 -150 -150 -150 -150 -150 -150 -150 -150 -150 -150 -150 -150 -150 -150 -150 -150 -150 -150 -150 -150 -150 -150 -150 -150 -150 -150 -150 -150 -150 -150 -150 -150 -150 -150 -150 -150 -150 -150 -150 -150 -150 -150 -150 -150 -150 -150 -150 -150 -150 -150 -150 -150 -150
67 -1600 -150 -150 -150 -150 -150 -150 -150 -150 -150 -150 -150 -150 -150 -150 -150 -150 -150 -150 -150 -150 -150 -150 -150 -150 -150 -150 -150 -150 -150 -150 -150 -150 -150 -150 -150 -150 -150 -150 -150 -150 -150 -150 -150 -150 -150 -150 -150 -150 -150 -150 -150 -150 -150 -150 -150 -150 -150 -150 -150 -150 -150 -150 -150 -150 -150 -150 -150 -150 -150 -150 -150 -150 -150 -150 -150 -150 -150 -150 -150 -150 -150 -150 -150 -150 -150 -150 -150 -150 -150 -150 -150 -150 -150 -150 -150 -150 -150 -150 -150 -150 -150
68 -1700 -150 -150 -150 -150 -150 -150 -150 -150 -150 -150 -150 -150 -150 -150 -150 -150 -150 -150 -150 -150 -150 -150 -150 -150 -150 -150 -150 -150 -150 -150 -150 -150 -150 -150 -150 -150 -150 -150 -150 -150 -150 -150 -150 -150 -150 -150 -150 -150 -150 -150 -150 -150 -150 -150 -150 -150 -150 -150 -150 -150 -150 -150 -150 -150 -150 -150 -150 -150 -150 -150 -150 -150 -150 -150 -150 -150 -150 -150 -150 -150 -150 -150 -150 -150 -150 -150 -150 -150 -150 -150 -150 -150 -150 -150 -150 -150 -150 -150 -150 -150 -150
69 -1800 -150 -150 -150 -150 -150 -150 -150 -150 -150 -150 -150 -150 -150 -150 -150 -150 -150 -150 -150 -150 -150 -150 -150 -150 -150 -150 -150 -150 -150 -150 -150 -150 -150 -150 -150 -150 -150 -150 -150 -150 -150 -150 -150 -150 -150 -150 -150 -150 -150 -150 -150 -150 -150 -150 -150 -150 -150 -150 -150 -150 -150 -150 -150 -150 -150 -150 -150 -150 -150 -150 -150 -150 -150 -150 -150 -150 -150 -150 -150 -150 -150 -150 -150 -150 -150 -150 -150 -150 -150 -150 -150 -150 -150 -150 -150 -150 -150 -150 -150 -150 -150
70 -1900 -150 -150 -150 -150 -150 -150 -150 -150 -150 -150 -150 -150 -150 -150 -150 -150 -150 -150 -150 -150 -150 -150 -150 -150 -150 -150 -150 -150 -150 -150 -150 -150 -150 -150 -150 -150 -150 -150 -150 -150 -150 -150 -150 -150 -150 -150 -150 -150 -150 -150 -150 -150 -150 -150 -150 -150 -150 -150 -150 -150 -150 -150 -150 -150 -150 -150 -150 -150 -150 -150 -150 -150 -150 -150 -150 -150 -150 -150 -150 -150 -150 -150 -150 -150 -150 -150 -150 -150 -150 -150 -150 -150 -150 -150 -150 -150 -150 -150 -150 -150 -150
71 -2000 -150 -150 -150 -150 -150 -150 -150 -150 -150 -150 -150 -150 -150 -150 -150 -150 -150 -150 -150 -150 -150 -150 -150 -150 -150 -150 -150 -150 -150 -150 -150 -150 -150 -150 -150 -150 -150 -150 -150 -150 -150 -150 -150 -150 -150 -150 -150 -150 -150 -150 -150 -150 -150 -150 -150 -150 -150 -150 -150 -150 -150 -150 -150 -150 -150 -150 -150 -150 -150 -150 -150 -150 -150 -150 -150 -150 -150 -150 -150 -150 -150 -150 -150 -150 -150 -150 -150 -150 -150 -150 -150 -150 -150 -150 -150 -150 -150 -150 -150 -150 -150
72 -2100 -150 -150 -150 -150 -150 -150 -150 -150 -150 -150 -150 -150 -150 -150 -150 -150 -150 -150 -150 -150 -150 -150 -150 -150 -150 -150 -150 -150 -150 -150 -150 -150 -150 -150 -150 -150 -150 -150 -150 -150 -150 -150 -150 -150 -150 -150 -150 -150 -150 -150 -150 -150 -150 -150 -150 -150 -150 -150 -150 -150 -150 -150 -150 -150 -150 -150 -150 -150 -150 -150 -150 -150 -150 -150 -150 -150 -150 -150 -150 -150 -150 -150 -150 -150 -150 -150 -150 -150 -150 -150 -150 -150 -150 -150 -150 -150 -150 -150 -150 -150 -150
73 -2200 -150 -150 -150 -150 -150 -150 -150 -150 -150 -150 -150 -150 -150 -150 -150 -150 -150 -150 -150 -150 -150 -150 -150 -150 -150 -150 -150 -150 -150 -150 -150 -150 -150 -150 -150 -150 -150 -150 -150 -150 -150 -150 -150 -150 -150 -150 -150 -150 -150 -150 -150 -150 -150 -150 -150 -150 -150 -150 -150 -150 -150 -150 -150 -150 -150 -150 -150 -150 -150 -150 -150 -150 -150 -150 -150 -150 -150 -150 -150 -150 -150 -150 -150 -150 -150 -150 -150 -150 -150 -150 -150 -150 -150 -150 -150 -150 -150 -150 -150 -150 -150
74 -2300 -150 -150 -150 -150 -150 -150 -150 -150 -150 -150 -150 -150 -150 -150 -150 -150 -150 -150 -150 -150 -150 -150 -150 -150 -150 -150 -150 -150 -150 -150 -150 -150 -150 -150 -150 -150 -150 -150 -150 -150 -150 -150 -150 -150 -150 -150 -150 -150 -150 -150 -150 -150 -150 -150 -150 -150 -150 -150 -150 -150 -150 -150 -150 -150 -150 -150 -150 -150 -150 -150 -150 -150 -150 -150 -150 -150 -150 -150 -150 -150 -150 -150 -150 -150 -150 -150 -150 -150 -150 -150 -150 -150 -150 -150 -150 -150 -150 -150 -150 -150 -150
75 -2400 -150 -150 -150 -150 -150 -150 -150 -150 -150 -150 -150 -150 -150 -150 -150 -150 -150 -150 -150 -150 -150 -150 -150 -150 -150 -150 -150 -150 -150 -150 -150 -150 -150 -150 -150 -150 -150 -150 -150 -150 -150 -150 -150 -150 -150 -150 -150 -150 -150 -150 -150 -150 -150 -150 -150 -150 -150 -150 -150 -150 -150 -150 -150 -150 -150 -150 -150 -150 -150 -150 -150 -150 -150 -150 -150 -150 -150 -150 -150 -150 -150 -150 -150 -150 -150 -150 -150 -150 -150 -150 -150 -150 -150 -150 -150 -150 -150 -150 -150 -150 -150
76 -2500 -150 -150 -150 -150 -150 -150 -150 -150 -150 -150 -150 -150 -150 -150 -150 -150 -150 -150 -150 -150 -150 -150 -150 -150 -150 -150 -150 -150 -150 -150 -150 -150 -150 -150 -150 -150 -150 -150 -150 -150 -150 -150 -150 -150 -150 -150 -150 -150 -150 -150 -150 -150 -150 -150 -150 -150 -150 -150 -150 -150 -150 -150 -150 -150 -150 -150 -150 -150 -150 -150 -150 -150 -150 -150 -150 -150 -150 -150 -150 -150 -150 -150 -150 -150 -150 -150 -150 -150 -150 -150 -150 -150 -150 -150 -150 -150 -150 -150 -150 -150 -150
77 -2600 -150 -150 -150 -150 -150 -150 -150 -150 -150 -150 -150 -150 -150 -150 -150 -150 -150 -150 -150 -150 -150 -150 -150 -150 -150 -150 -150 -150 -150 -150 -150 -150 -150 -150 -150 -150 -150 -150 -150 -150 -150 -150 -150 -150 -150 -150 -150 -150 -150 -150 -150 -150 -150 -150 -150 -150 -150 -150 -150 -150 -150 -150 -150 -150 -150 -150 -150 -150 -150 -150 -150 -150 -150 -150 -150 -150 -150 -150 -150 -150 -150 -150 -150 -150 -150 -150 -150 -150 -150 -150 -150 -150 -150 -150 -150 -150 -150 -150 -150 -150 -150
78 -2700 -150 -150 -150 -150 -150 -150 -150 -150 -150 -150 -150 -150 -150 -150 -150 -150 -150 -150 -150 -150 -150 -150 -150 -150 -150 -150 -150 -150 -150 -150 -150 -150 -150 -150 -150 -150 -150 -150 -150 -150 -150 -150 -150 -150 -150 -150 -150 -150 -150 -150 -150 -150 -150 -150 -150 -150 -150 -150 -150 -150 -150 -150 -150 -150 -150 -150 -150 -150 -150 -150 -150 -150 -150 -150 -150 -150 -150 -150 -150 -150 -150 -150 -150 -150 -150 -150 -150 -150 -150 -150 -150 -150 -150 -150 -150 -150 -150 -150 -150 -150 -150
79 -2800 -150 -150 -150 -150 -150 -150 -150 -150 -150 -150 -150 -150 -150 -150 -150 -150 -150 -150 -150 -150 -150 -150 -150 -150 -150 -150 -150 -150 -150 -150 -150 -150 -150 -150 -150 -150 -150 -150 -150 -150 -150 -150 -150 -150 -150 -150 -150 -150 -150 -150 -150 -150 -150 -150 -150 -150 -150 -150 -150 -150 -150 -150 -150 -150 -150 -150 -150 -150 -150 -150 -150 -150 -150 -150 -150 -150 -150 -150 -150 -150 -150 -150 -150 -150 -150 -150 -150 -150 -150 -150 -150 -150 -150 -150 -150 -150 -150 -150 -150 -150 -150
80 -2900 -150 -150 -150 -150 -150 -150 -150 -150 -150 -150 -150 -150 -150 -150 -150 -150 -150 -150 -150 -150 -150 -150 -150 -150 -150 -150 -150 -150 -150 -150 -150 -150 -150 -150 -150 -150 -150 -150 -150 -150 -150 -150 -150 -150 -150 -150 -150 -150 -150 -150 -150 -150 -150 -150 -150 -150 -150 -150 -150 -150 -150 -150 -150 -150 -150 -150 -150 -150 -150 -150 -150 -150 -150 -150 -150 -150 -150 -150 -150 -150 -150 -150 -150 -150 -150 -150 -150 -150 -150 -150 -150 -150 -150 -150 -150 -150 -150 -150 -150 -150 -150
81 -3000 -150 -150 -150 -150 -150 -150 -150 -150 -150 -150 -150 -150 -150 -150 -150 -150 -150 -150 -150 -150 -150 -150 -150 -150 -150 -150 -150 -150 -150 -150 -150 -150 -150 -150 -150 -150 -150 -150 -150 -150 -150 -150 -150 -150 -150 -150 -150 -150 -150 -150 -150 -150 -150 -150 -150 -150 -150 -150 -150 -150 -150 -150 -150 -150 -150 -150 -150 -150 -150 -150 -150 -150 -150 -150 -150 -150 -150 -150 -150 -150 -150 -150 -150 -150 -150 -150 -150 -150 -150 -150 -150 -150 -150 -150 -150 -150 -150 -150 -150 -150 -150
82 -3100 -150 -150 -150 -150 -150 -150 -150 -150 -150 -150 -150 -150 -150 -150 -150 -150 -150 -150 -150 -150 -150 -150 -150 -150 -150 -150 -150 -150 -150 -150 -150 -150 -150 -150 -150 -150 -150 -150 -150 -150 -150 -150 -150 -150 -150 -150 -150 -150 -150 -150 -150 -150 -150 -150 -150 -150 -150 -150 -150 -150 -150 -150 -150 -150 -150 -150 -150 -150 -150 -150 -150 -150 -150 -150 -150 -150 -150 -150 -150 -150 -150 -150 -150 -150 -150 -150 -150 -150 -150 -150 -150 -150 -150 -150 -150 -150 -150 -150 -150 -150 -150
83 -3200 -150 -150 -150 -150 -150 -150 -150 -150 -150 -150 -150 -150 -150 -150 -150 -150 -150 -150 -150 -150 -150 -150 -150 -150 -150 -150 -150 -150 -150 -150 -150 -150 -150 -150 -150 -150 -150 -150 -150 -150 -150 -150 -150 -150 -150 -150 -150 -150 -150 -150 -150 -150 -150 -150 -150 -150 -150 -150 -150 -150 -150 -150 -150 -150 -150 -150 -150 -150 -150 -150 -150 -150 -150 -150 -150 -150 -150 -150 -150 -150 -150 -150 -150 -150 -150 -150 -150 -150 -150 -150 -150 -150 -150 -150 -150 -150 -150 -150 -150 -150 -150
84 -3300 -150 -150 -150 -150 -150 -150 -150 -150 -150 -150 -150 -150 -150 -150 -150 -150 -150 -150 -150 -150 -150 -150 -150 -150 -150 -150 -150 -150 -150 -150 -150 -150 -150 -150 -150 -150 -150 -150 -150 -150 -150 -150 -150 -150 -150 -150 -150 -150 -150 -150 -150 -150 -150 -150 -150 -150 -150 -150 -150 -150 -150 -150 -150 -150 -150 -150 -150 -150 -150 -150 -150 -150 -150 -150 -150 -150 -150 -150 -150 -150 -150 -150 -150 -150 -150 -150 -150 -150 -150 -150 -150 -150 -150 -150 -150 -150 -150 -150 -150 -150 -150
85 -3400 -150 -150 -150 -150 -150 -150 -150 -150 -150 -150 -150 -150 -150 -150 -150 -150 -150 -150 -150 -150 -150 -150 -150 -150 -150 -150 -150 -150 -150 -150 -150 -150 -150 -150 -150 -150 -150 -150 -150 -150 -150 -150 -150 -150 -150 -150 -150 -150 -150 -150 -150 -150 -150 -150 -150 -150 -150 -150 -150 -150 -150 -150 -150 -150 -150 -150 -150 -150 -150 -150 -150 -150 -150 -150 -150 -150 -150 -150 -150 -150 -150 -150 -150 -150 -150 -150 -150 -150 -150 -150 -150 -150 -150 -150 -150 -150 -150 -150 -150 -150 -150
86 -3500 -150 -150 -150 -150 -150 -150 -150 -150 -150 -150 -150 -150 -150 -150 -150 -150 -150 -150 -150 -150 -150 -150 -150 -150 -150 -150 -150 -150 -150 -150 -150 -150 -150 -150 -150 -150 -150 -150 -150 -150 -150 -150 -150 -150 -150 -150 -150 -150 -150 -150 -150 -150 -150 -150 -150 -150 -150 -150 -150 -150 -150 -150 -150 -150 -150 -150 -150 -150 -150 -150 -150 -150 -150 -150 -150 -150 -150 -150 -150 -150 -150 -150 -150 -150 -150 -150 -150 -150 -150 -150 -150 -150 -150 -150 -150 -150 -150 -150 -150 -150 -150
87 -3600 -150 -150 -150 -150 -150 -150 -150 -150 -150 -150 -150 -150 -150 -150 -150 -150 -150 -150 -150 -150 -150 -150 -150 -150 -150 -150 -150 -150 -150 -150 -150 -150 -150 -150 -150 -150 -150 -150 -150 -150 -150 -150 -150 -150 -150 -150 -150 -150 -150 -150 -150 -150 -150 -150 -150 -150 -150 -150 -150 -150 -150 -150 -150 -150 -150 -150 -150 -150 -150 -150 -150 -150 -150 -150 -150 -150 -150 -150 -150 -150 -150 -150 -150 -150 -150 -150 -150 -150 -150 -150 -150 -150 -150 -150 -150 -150 -150 -150 -150 -150 -150
88 -3700 -150 -150 -150 -150 -150 -150 -150 -150 -150 -150 -150 -150 -150 -150 -150 -150 -150 -150 -150 -150 -150 -150 -150 -150 -150 -150 -150 -150 -150 -150 -150 -150 -150 -150 -150 -150 -150 -150 -150 -150 -150 -150 -150 -150 -150 -150 -150 -150 -150 -150 -150 -150 -150 -150 -150 -150 -150 -150 -150 -150 -150 -150 -150 -150 -150 -150 -150 -150 -150 -150 -150 -150 -150 -150 -150 -150 -150 -150 -150 -150 -150 -150 -150 -150 -150 -150 -150 -150 -150 -150 -150 -150 -150 -150 -150 -150 -150 -150 -150 -150 -150
89 -3800 -150 -150 -150 -150 -150 -150 -150 -150 -150 -150 -150 -150 -150 -150 -150 -150 -150 -150 -150 -150 -150 -150 -150 -150 -150 -150 -150 -150 -150 -150 -150 -150 -150 -150 -150 -150 -150 -150 -150 -150 -150 -150 -150 -150 -150 -150 -150 -150 -150 -150 -150 -150 -150 -150 -150 -150 -150 -150 -150 -150 -150 -150 -150 -150 -150 -150 -150 -150 -150 -150 -150 -150 -150 -150 -150 -150 -150 -150 -150 -150 -150 -150 -150 -150 -150 -150 -150 -150 -150 -150 -150 -150 -150 -150 -150 -150 -150 -150 -150 -150 -150
90 -3900 -150 -150 -150 -150 -150 -150 -150 -150 -150 -150 -150 -150 -150 -150 -150 -150 -150 -150 -150 -150 -150 -150 -150 -150 -150 -150 -150 -150 -150 -150 -150 -150 -150 -150 -150 -150 -150 -150 -150 -150 -150 -150 -150 -150 -150 -150 -150 -150 -150 -150 -150 -150 -150 -150 -150 -150 -150 -150 -150 -150 -150 -150 -150 -150 -150 -150 -150 -150 -150 -150 -150 -150 -150 -150 -150 -150 -150 -150 -150 -150 -150 -150 -150 -150 -150 -150 -150 -150 -150 -150 -150 -150 -150 -150 -150 -150 -150 -150 -150 -150 -150
91 -4000 -150 -150 -150 -150 -150 -150 -150 -150 -150 -150 -150 -150 -150 -150 -150 -150 -150 -150 -150 -150 -150 -150 -150 -150 -150 -150 -150 -150 -150 -150 -150 -150 -150 -150 -150 -150 -150 -150 -150 -150 -150 -150 -150 -150 -150 -150 -150 -150 -150 -150 -150 -150 -150 -150 -150 -150 -150 -150 -150 -150 -150 -150 -150 -150 -150 -150 -150 -150 -150 -150 -150 -150 -150 -150 -150 -150 -150 -150 -150 -150 -150 -150 -150 -150 -150 -150 -150 -150 -150 -150 -150 -150 -150 -150 -150 -150 -150 -150 -150 -150 -150
92 -4100 -150 -150 -150 -150 -150 -150 -150 -150 -150 -150 -150 -150 -150 -150 -150 -150 -150 -150 -150 -150 -150 -150 -150 -150 -150 -150 -150 -150 -150 -150 -150 -150 -150 -150 -150 -150 -150 -150 -150 -150 -150 -150 -150 -150 -150 -150 -150 -150 -150 -150 -150 -150 -150 -150 -150 -150 -150 -150 -150 -150 -150 -150 -150 -150 -150 -150 -150 -150 -150 -150 -150 -150 -150 -150 -150 -150 -150 -150 -150 -150 -150 -150 -150 -150 -150 -150 -150 -150 -150 -150 -150 -150 -150 -150 -150 -150 -150 -150 -150 -150 -150
93 -4200 -150 -150 -150 -150 -150 -150 -150 -150 -150 -150 -150 -150 -150 -150 -150 -150 -150 -150 -150 -150 -150 -150 -150 -150 -150 -150 -150 -150 -150 -150 -150 -150 -150 -150 -150 -150 -150 -150 -150 -150 -150 -150 -150 -150 -150 -150 -150 -150 -150 -150 -150 -150 -150 -150 -150 -150 -150 -150 -150 -150 -150 -150 -150 -150 -150 -150 -150 -150 -150 -150 -150 -150 -150 -150 -150 -150 -150 -150 -150 -150 -150 -150 -150 -150 -150 -150 -150 -150 -150 -150 -150 -150 -150 -150 -150 -150 -150 -150 -150 -150 -150
94 -4300 -150 -150 -150 -150 -150 -150 -150 -150 -150 -150 -150 -150 -150 -150 -150 -150 -150 -150 -150 -150 -150 -150 -150 -150 -150 -150 -150 -150 -150 -150 -150 -150 -150 -150 -150 -150 -150 -150 -150 -150 -150 -150 -150 -150 -150 -150 -150 -150 -150 -150 -150 -150 -150 -150 -150 -150 -150 -150 -150 -150 -150 -150 -150 -150 -150 -150 -150 -150 -150 -150 -150 -150 -150 -150 -150 -150 -150 -150 -150 -150 -150 -150 -150 -150 -150 -150 -150 -150 -150 -150 -150 -150 -150 -150 -150 -150 -150 -150 -150 -150 -150
95 -4400 -150 -150 -150 -150 -150 -150 -150 -150 -150 -150 -150 -150 -150 -150 -150 -150 -150 -150 -150 -150 -150 -150 -150 -150 -150 -150 -150 -150 -150 -150 -150 -150 -150 -150 -150 -150 -150 -150 -150 -150 -150 -150 -150 -150 -150 -150 -150 -150 -150 -150 -150 -150 -150 -150 -150 -150 -150 -150 -150 -150 -150 -150 -150 -150 -150 -150 -150 -150 -150 -150 -150 -150 -150 -150 -150 -150 -150 -150 -150 -150 -150 -150 -150 -150 -150 -150 -150 -150 -150 -150 -150 -150 -150 -150 -150 -150 -150 -150 -150 -150 -150
96 -4500 -150 -150 -150 -150 -150 -150 -150 -150 -150 -150 -150 -150 -150 -150 -150 -150 -150 -150 -150 -150 -150 -150 -150 -150 -150 -150 -150 -150 -150 -150 -150 -150 -150 -150 -150 -150 -150 -150 -150 -150 -150 -150 -150 -150 -150 -150 -150 -150 -150 -150 -150 -150 -150 -150 -150 -150 -150 -150 -150 -150 -150 -150 -150 -150 -150 -150 -150 -150 -150 -150 -150 -150 -150 -150 -150 -150 -150 -150 -150 -150 -150 -150 -150 -150 -150 -150 -150 -150 -150 -150 -150 -150 -150 -150 -150 -150 -150 -150 -150 -150 -150
97 -4600 -150 -150 -150 -150 -150 -150 -150 -150 -150 -150 -150 -150 -150 -150 -150 -150 -150 -150 -150 -150 -150 -150 -150 -150 -150 -150 -150 -150 -150 -150 -150 -150 -150 -150 -150 -150 -150 -150 -150 -150 -150 -150 -150 -150 -150 -150 -150 -150 -150 -150 -150 -150 -150 -150 -150 -150 -150 -150 -150 -150 -150 -150 -150 -150 -150 -150 -150 -150 -150 -150 -150 -150 -150 -150 -150 -150 -150 -150 -150 -150 -150 -150 -150 -150 -150 -150 -150 -150 -150 -150 -150 -150 -150 -150 -150 -150 -150 -150 -150 -150 -150
98 -4700 -150 -150 -150 -150 -150 -150 -150 -150 -150 -150 -150 -150 -150 -150 -150 -150 -150 -150 -150 -150 -150 -150 -150 -150 -150 -150 -150 -150 -150 -150 -150 -150 -150 -150 -150 -150 -150 -150 -150 -150 -150 -150 -150 -150 -150 -150 -150 -150 -150 -150 -150 -150 -150 -150 -150 -150 -150 -150 -150 -150 -150 -150 -150 -150 -150 -150 -150 -150 -150 -150 -150 -150 -150 -150 -150 -150 -150 -150 -150 -150 -150 -150 -150 -150 -150 -150 -150 -150 -150 -150 -150 -150 -150 -150 -150 -150 -150 -150 -150 -150 -150
99 -4800 -150 -150 -150 -150 -150 -150 -150 -150 -150 -150 -150 -150 -150 -150 -150 -150 -150 -150 -150 -150 -150 -150 -150 -150 -150 -150 -150 -150 -150 -150 -150 -150 -150 -150 -150 -150 -150 -150 -150 -150 -150 -150 -150 -150 -150 -150 -150 -150 -150 -150 -150 -150 -150 -150 -150 -150 -150 -150 -150 -150 -150 -150 -150 -150 -150 -150 -150 -150 -150 -150 -150 -150 -150 -150 -150 -150 -150 -150 -150 -150 -150 -150 -150 -150 -150 -150 -150 -150 -150 -150 -150 -150 -150 -150 -150 -150 -150 -150 -150 -150 -150
100 -4900 -150 -150 -150 -150 -150 -150 -150 -150 -150 -150 -150 -150 -150 -150 -150 -150 -150 -150 -150 -150 -150 -150 -150 -150 -150 -150 -150 -150 -150 -150 -150 -150 -150 -150 -150 -150 -150 -150 -150 -150 -150 -150 -150 -150 -150 -150 -150 -150 -150 -150 -150 -150 -150 -150 -150 -150 -150 -150 -150 -150 -150 -150 -150 -150 -150 -150 -150 -150 -150 -150 -150 -150 -150 -150 -150 -150 -150 -150 -150 -150 -150 -150 -150 -150 -150 -150 -150 -150 -150 -150 -150 -150 -150 -150 -150 -150 -150 -150 -150 -150 -150
101 -5000 -150 -150 -150 -150 -150 -150 -150 -150 -150 -150 -150 -150 -150 -150 -150 -150 -150 -150 -150 -150 -150 -150 -150 -150 -150 -150 -150 -150 -150 -150 -150 -150 -150 -150 -150 -150 -150 -150 -150 -150 -150 -150 -150 -150 -150 -150 -150 -150 -150 -150 -150 -150 -150 -150 -150 -150 -150 -150 -150 -150 -150 -150 -150 -150 -150 -150 -150 -150 -150 -150 -150 -150 -150 -150 -150 -150 -150 -150 -150 -150 -150 -150 -150 -150 -150 -150 -150 -150 -150 -150 -150 -150 -150 -150 -150 -150 -150 -150 -150 -150 -150
